450.0 0.0
454.9265395433607 1.2345808144603154
441.2281456704608 9.987995619986805
428.67918474154243 11.10790671967277
412.40017175213177 3.293097985002305
399.77496430925703 -3.627292658935602
384.2792241121461 -10.641775325163792
366.46596499725206 -19.734241588584524
358.05122771866274 -27.65459333727012
343.8508198976854 -41.141889366650254
330.92915557073337 -56.34099193533521
309.293481190303 -73.77735456800661
303.861127623915 -80.44014994594842
288.42513390854157 -93.08087459955533
269.61298064638345 -107.81073769129046
256.17172523833256 -107.55585614370239
247.43176904443914 -106.49731261812224
218.10217191384888 -105.93466095742359
203.62550482978472 -92.1413158911067
189.129814947001 -77.20063408138454
175.04004945980358 -63.02011545445319
163.85014541648263 -51.33872724500697
146.6195804909513 -41.341553327188905
123.7159897238142 -56.32000206583558
105.54924421179808 -47.957008961469015
98.47292577666563 -43.6041552839333
80.28229316157169 -35.463378144380556
69.69044901184004 -30.773530108739067
66.94088729690745 -28.0529308608264
54.11731262872921 -18.293953095517878
44.2682537305086 -10.312172148000656
17.96060704878297 8.75488082341466
0.0 0.0
